137,3
137,1
136,4
136,1
135,3
135,1
115,3
115,2
115,1
115,0
114,9
114,8
114,7
114,6
114,5
114,4
114,3
114,2
114,1
114,0
112,81
112,80
112,79
112,78
112,77
112,76
112,75
112,74
112,73
112,72
112,71
112,70
112,69
112,68
112,67
112,66
112,65
112,64
112,43
112,42
112,41
112,40
112,39
112,38
112,37
20,2
112,36
20,1
112,35
20,3
112,34
112,33
112,32
112,31
112,30
112,29
112,28
112,27
112,26
112,25
112,24
112,23
112,22
112,21
112,20
112,19
19,2
112,18
112,17
19,1
112,16
112,15
19,3
112,14
112,13
112,12
112,11
112,10
112,9
112,8
112,7
112,6
112,5
112,4
112,3
112,2
112,1
112,0
111,3
111,2
111,1
111,0
110,4
110,1
110,3
110,2
18,3
18,1
14,3
14,1
13,3
13,1
12,3
12,2
12,1
11,3
11,2
2,2
11,1
2,1
10,3
10,2
