3,1
3,3
8,2
8,1
8,3
115,3
115,2
115,1
115,0
114,7
114,6
114,5
114,4
114,3
114,2
114,1
114,0
112,72
112,71
112,70
112,69
112,68
112,67
112,66
112,65
112,64
112,43
112,42
112,41
112,40
112,39
112,38
112,37
112,36
112,35
112,34
112,33
112,32
112,31
112,30
112,29
112,28
112,27
112,26
112,25
112,24
112,23
112,22
112,21
112,20
112,19
112,18
112,17
112,16
112,15
112,14
112,13
112,12
112,11
112,10
112,9
112,8
112,7
112,6
112,5
112,4
112,3
112,2
112,1
112,0
111,3
111,2
111,1
111,0
110,4
110,3
110,2
110,1
110,0
108,4
108,3
108,2
108,1
108,0
107,4
107,3
107,2
107,1
20,3
20,2
20,1
19,3
19,2
19,1
18,3
18,1
12,3
12,2
12,1
11,3
11,2
11,1
10,3
10,2
10,1
9,3
9,2
9,1
3,2
2,3
2,2
